	Age	ChestPainType	RestingBP	Cholesterol	FastingBS	RestingECG	MaxHR	ExerciseAngina	HeartDisease
613	58	2	140	385	1	2	135	0	0
465	42	1	134	240	0	0	160	0	0
650	48	2	130	256	1	2	150	1	1
873	64	1	140	335	0	0	158	0	1
443	60	2	130	186	1	1	140	1	1
38	48	0	120	177	1	1	148	0	0
573	72	2	160	123	1	2	130	0	1
251	48	2	120	260	0	0	115	0	1
388	55	2	140	0	0	0	83	0	1
470	53	2	126	0	0	0	106	0	1
273	55	1	120	220	0	2	134	0	0
717	49	2	130	269	0	0	163	0	0
490	72	1	120	214	0	0	102	1	1
476	51	2	132	218	1	2	139	0	0
463	51	2	128	0	0	0	107	0	0
594	58	2	160	256	1	2	113	1	1
780	64	2	180	325	0	0	154	1	0
774	66	2	178	228	1	0	165	1	1
137	39	0	120	241	0	1	146	0	0
859	51	1	140	308	0	2	142	0	0
396	62	3	140	0	1	0	143	0	1
496	58	2	132	458	1	0	69	0	0
76	32	2	118	529	0	0	130	0	1
875	58	1	120	340	0	0	172	0	0
598	55	2	120	226	0	2	127	1	1
557	56	1	137	208	1	1	122	1	1
589	74	1	140	237	1	0	94	0	1
115	33	2	100	246	0	0	150	1	1
89	55	2	140	229	0	0	110	1	0
216	39	2	110	280	0	0	150	0	1
564	57	2	144	270	1	1	160	1	1
833	54	1	120	258	0	2	147	0	0
501	63	2	130	308	0	0	138	1	1
427	59	2	140	0	0	1	117	1	1
686	57	2	120	354	0	0	163	1	0
240	55	0	145	326	0	0	155	0	0
569	55	2	158	217	0	0	110	1	1
854	52	0	120	325	0	0	172	0	0
725	55	2	180	327	0	1	117	1	1
350	53	2	120	0	1	0	120	0	1
916	57	0	130	236	0	2	174	0	1
37	41	0	110	250	0	1	142	0	0
207	35	0	110	257	0	0	140	0	1
687	70	0	156	245	0	2	143	0	0
577	67	2	146	369	0	0	110	1	1
783	45	2	138	236	0	2	152	1	0
757	50	1	140	233	0	0	163	0	1
48	36	1	112	340	0	0	184	0	0
784	65	3	138	282	1	2	174	0	1
713	64	1	140	313	0	0	133	0	0
366	61	2	150	0	0	0	117	1	1
526	65	2	144	312	0	2	113	1	1
457	40	2	125	0	1	0	165	0	1
702	59	3	178	270	0	2	145	0	0
663	66	0	160	246	0	0	120	1	1
448	63	2	160	230	1	0	105	1	1
184	54	0	160	312	0	0	130	0	0
193	45	1	135	192	0	0	110	0	0
381	50	2	115	0	0	0	120	1	1
910	41	0	120	157	0	0	182	0	0
597	55	1	133	185	0	1	136	0	0
489	54	2	136	220	0	0	140	1	1
164	52	0	140	225	0	0	140	0	0
327	59	2	125	0	1	0	119	1	1
277	52	2	170	223	0	0	126	1	1
680	57	2	150	276	0	2	112	1	1
438	63	1	130	0	0	1	111	1	1
10	37	1	130	211	0	0	142	0	0
675	57	1	150	126	1	0	173	0	0
124	58	0	130	230	0	0	150	0	0
3	48	2	138	214	0	0	108	1	1
117	59	2	130	338	1	1	130	1	1
389	61	2	160	0	1	1	145	0	1
75	46	1	150	163	0	0	116	0	0
586	53	2	124	243	0	0	122	1	1
690	45	2	142	309	0	2	147	1	1
630	71	2	112	149	0	0	125	0	0
585	57	0	180	285	1	1	120	0	1
426	56	0	126	166	0	1	140	0	0
204	56	0	130	184	0	0	100	0	0
32	54	2	125	224	0	0	122	0	1
844	52	3	118	186	0	2	190	0	0
866	44	0	130	219	0	2	188	0	0
123	58	0	180	393	0	0	110	1	1
93	48	2	160	329	0	0	92	1	1
338	63	2	140	0	1	2	149	0	1
141	50	2	140	341	0	1	125	1	1
837	57	1	150	168	0	0	174	0	0
863	60	1	140	185	0	2	155	0	1
287	53	0	120	181	0	0	132	0	0
664	65	2	150	225	0	2	114	0	1
285	51	1	110	190	0	0	120	0	0
357	53	0	120	0	0	0	95	0	1
580	51	2	131	152	1	2	130	1	1
754	57	2	132	207	0	0	168	1	0
810	55	0	135	250	0	2	161	0	0
886	52	1	138	223	0	0	169	0	0
243	43	0	120	266	0	0	118	0	0
899	61	2	148	203	0	0	161	0	1
44	43	2	120	175	0	0	120	1	1
386	42	2	145	0	0	0	99	1	1
326	45	1	110	0	0	0	138	0	0
653	42	1	130	180	0	0	150	0	0
541	76	1	104	113	0	2	120	0	1
163	42	0	120	196	0	0	150	0	0
62	45	2	140	224	0	0	144	0	0
621	56	1	130	256	1	2	142	1	1
533	63	2	110	252	0	1	140	1	1
59	52	2	112	342	0	1	96	1	1
486	55	0	110	214	1	1	180	0	0
201	46	1	120	230	0	0	150	0	0
108	50	2	140	129	0	0	135	0	0
104	46	2	118	186	0	0	124	0	1
414	54	2	130	0	1	0	110	1	1
636	48	0	130	245	0	2	180	0	0
209	54	2	125	216	0	0	140	0	1
734	56	2	130	283	1	2	103	1	1
720	48	2	124	274	0	2	166	0	1
743	52	0	134	201	0	0	158	0	0
63	46	2	120	277	0	0	125	1	1
68	52	2	160	246	0	1	82	1	1
430	57	2	128	0	1	1	148	1	1
53	41	0	130	245	0	0	150	0	0
69	44	2	150	412	0	0	170	0	0
107	34	0	150	214	0	1	168	0	0
590	63	0	136	165	0	1	133	0	0
419	55	2	142	228	0	1	149	1	1
829	29	0	130	204	0	2	202	0	0
475	59	2	178	0	1	2	120	1	1
840	41	0	135	203	0	0	132	0	0
352	56	2	120	0	0	1	100	1	1
614	62	0	120	254	0	2	93	1	1
341	64	2	110	0	1	0	114	1	1
318	61	2	130	0	1	0	77	0	1
74	55	2	140	268	0	0	128	1	1
530	50	2	133	218	0	0	128	1	1
887	43	2	132	247	1	2	143	1	1
425	60	0	160	267	1	1	157	0	1
310	65	2	155	0	0	0	154	0	0
882	56	0	140	294	0	2	153	0	0
888	52	2	128	204	1	0	156	1	1
647	37	1	120	215	0	0	170	0	0
851	53	2	138	234	0	2	160	0	0
745	63	2	108	269	0	0	169	1	1
880	52	1	172	199	1	0	162	0	0
345	69	2	135	0	0	0	130	0	1
670	41	0	105	198	0	0	168	0	0
21	44	0	120	184	0	0	142	0	0
816	58	2	125	300	0	2	171	0	1
349	36	2	110	0	1	0	125	1	1
61	43	1	150	254	0	0	175	0	0
666	52	0	128	205	1	0	184	0	0
509	58	2	110	198	0	0	110	0	1
55	51	0	160	194	0	0	170	0	0
323	62	2	115	0	1	0	128	1	1
644	71	1	110	265	1	2	130	0	0
760	53	2	123	282	0	0	95	1	1
907	44	2	120	169	0	0	144	1	1
642	51	1	120	295	0	2	157	0	0
444	56	2	120	100	0	0	120	1	1
40	54	0	150	230	0	0	130	0	0
111	57	2	150	255	0	0	92	1	1
304	51	2	95	0	1	0	126	0	1
788	68	1	120	211	0	2	115	0	0
701	62	0	128	208	1	2	140	0	0
94	39	1	110	182	0	1	180	0	0
493	51	1	137	339	0	0	127	1	1
228	41	0	120	295	0	0	170	0	0
290	48	1	110	211	0	0	138	0	0
2	37	0	130	283	0	1	98	0	0
99	41	0	125	269	0	0	144	0	0
81	54	0	120	238	0	0	154	0	0
756	59	2	138	271	0	2	182	0	0
312	41	2	125	0	1	0	176	0	1
796	56	2	134	409	0	2	150	1	1
400	50	2	160	0	1	0	110	0	1
629	57	2	128	303	0	2	159	0	0
513	62	3	112	258	0	1	150	1	1
904	56	0	120	240	0	0	169	0	0
584	64	2	141	244	1	1	116	1	1
510	60	2	136	195	0	0	126	0	0
95	58	2	130	263	0	0	140	1	1
135	49	1	115	265	0	0	175	0	1
693	42	1	120	209	0	0	173	0	0
560	54	1	133	203	0	1	137	0	0
503	51	2	132	227	1	1	138	0	0
785	69	3	160	234	1	2	131	0	0
261	54	0	120	221	0	0	138	0	0
456	61	1	120	0	0	0	80	1	1
648	59	2	170	326	0	2	140	1	1
895	57	2	110	335	0	0	143	1	1
173	49	1	140	187	0	0	172	0	0
377	65	2	160	0	1	1	122	0	1
440	52	1	128	0	0	1	180	0	1
765	41	1	112	250	0	0	179	0	0
462	59	2	122	233	0	0	117	1	1
343	52	2	130	0	1	0	120	0	1
691	45	2	104	208	0	2	148	1	0
138	54	2	140	166	0	0	118	1	1
800	43	1	130	315	0	0	162	0	0
140	52	2	160	331	0	0	94	1	1
64	50	0	110	202	0	0	145	0	0
572	64	2	150	193	0	1	135	1	1
451	64	2	144	0	0	1	122	1	1
283	55	0	110	344	0	1	160	0	0
97	39	1	160	147	1	0	160	0	0
85	66	2	140	139	0	0	94	1	1
458	61	2	134	0	1	1	86	0	1
119	34	3	140	156	0	0	180	0	1
153	55	2	120	270	0	0	140	0	0
422	65	2	150	236	1	1	105	1	1
82	63	2	150	223	0	0	115	0	1
340	43	2	100	0	1	0	122	0	1
879	48	0	110	229	0	0	168	0	1
864	60	2	145	282	0	2	142	1	1
428	62	2	110	0	0	0	120	1	1
407	62	2	115	0	1	0	72	1	1
473	60	1	141	316	1	1	122	1	1
217	54	1	120	217	0	0	137	0	0
553	74	3	145	216	1	0	116	1	1
488	65	3	140	252	0	0	135	0	0
498	67	2	160	384	1	1	130	1	1
718	57	2	165	289	1	2	124	0	1
54	52	2	130	180	0	0	140	1	0
578	57	2	156	173	0	2	119	1	1
499	62	2	135	297	0	0	130	1	1
516	68	1	150	195	1	0	132	0	1
5	39	1	120	339	0	0	170	0	0
762	40	2	110	167	0	2	114	1	1
380	60	2	160	0	0	1	99	1	1
169	58	1	140	179	0	0	160	0	0
262	46	2	120	231	0	0	115	1	1
487	57	2	140	214	0	1	144	1	1
721	51	1	100	222	0	0	143	1	0
186	58	0	130	251	0	0	110	0	0
390	51	2	140	0	0	0	60	0	1
441	69	2	130	0	1	1	129	0	1
517	65	2	150	235	0	0	120	1	1
136	43	0	120	215	0	1	175	0	0
665	42	2	136	315	0	0	125	1	1
494	60	2	142	216	0	0	110	1	1
846	39	2	118	219	0	0	140	0	1
872	55	2	132	353	0	0	132	1	1
576	62	2	139	170	0	1	120	1	1
126	34	0	130	161	0	0	190	0	0
811	58	2	100	248	0	2	122	0	0
601	61	1	140	284	0	0	123	1	1
568	38	2	110	289	0	0	105	1	1
73	44	2	120	218	0	1	115	0	0
712	58	2	100	234	0	0	156	0	1
88	43	3	120	291	0	1	155	0	1
15	54	0	120	273	0	0	150	0	0
100	65	2	130	275	0	1	115	1	1
781	50	2	110	254	0	2	159	0	0
744	60	2	117	230	1	0	160	1	1
125	54	0	120	246	0	0	110	0	0
91	39	2	130	307	0	0	140	0	0
26	53	2	124	260	0	1	112	1	0
392	61	2	130	0	0	2	115	0	1
9	48	0	120	284	0	0	120	0	0
544	61	0	140	298	1	0	120	1	0
177	59	0	140	287	0	0	150	0	0
274	45	0	180	295	0	0	180	0	0
187	41	2	120	237	1	0	138	1	1
914	68	2	144	193	1	0	141	0	1
500	65	2	136	248	0	0	140	1	1
711	66	2	120	302	0	2	151	0	0
158	44	2	130	290	0	0	100	1	1
688	76	1	140	197	0	1	116	0	0
324	46	2	100	0	1	1	133	0	1
253	62	0	140	271	0	0	152	0	0
98	56	2	120	85	0	0	140	0	0
567	71	2	130	221	0	1	115	1	1
346	59	2	120	0	0	0	115	0	1
716	67	2	120	237	0	0	71	0	1
542	54	2	138	274	0	0	105	1	1
168	58	2	135	222	0	0	100	0	0
461	63	2	136	0	0	0	84	1	1
767	54	1	108	267	0	2	167	0	0
891	66	1	146	278	0	2	152	0	0
16	38	2	110	196	0	0	166	0	1
397	58	2	170	0	1	1	105	1	1
330	60	1	115	0	1	0	143	0	1
739	54	1	125	273	0	2	152	0	0
355	67	3	145	0	0	2	125	0	1
628	61	3	134	234	0	0	145	0	1
52	45	0	140	224	1	0	122	0	0
198	53	2	120	246	0	0	116	1	1
485	63	0	139	217	1	1	128	1	1
112	47	2	140	276	1	0	125	1	0
309	57	2	95	0	1	0	182	0	1
339	64	2	95	0	1	0	145	0	1
710	47	2	110	275	0	2	118	1	1
610	54	2	127	333	1	1	154	0	1
376	47	1	155	0	0	0	118	1	1
401	51	2	130	0	1	1	163	0	1
482	67	3	142	270	1	0	125	0	1
84	56	2	150	213	1	0	125	1	1
903	56	0	130	221	0	2	163	0	0
770	46	0	105	204	0	0	172	0	0
917	38	1	138	175	0	0	173	0	0
344	51	2	120	0	1	0	104	0	1
671	61	2	138	166	0	2	125	1	1
722	60	2	150	258	0	2	157	0	1
161	49	2	128	212	0	0	96	1	1
445	55	1	136	228	0	1	124	1	1
582	69	2	122	216	1	2	84	1	1
235	39	0	120	200	0	0	160	1	0
689	67	2	106	223	0	0	142	0	0
231	40	1	130	281	0	0	167	0	0
561	54	0	132	182	0	1	141	0	0
382	43	2	115	0	0	0	145	1	1
622	59	2	110	239	0	2	142	1	1
370	60	2	135	0	0	0	63	1	1
266	52	2	130	298	0	0	110	1	1
200	47	3	110	249	0	0	150	0	0
79	49	2	130	206	0	0	170	0	1
575	56	2	137	282	1	0	126	1	1
218	55	0	140	196	0	0	150	0	0
565	61	2	141	292	0	1	115	1	1
540	62	1	138	204	0	1	122	1	1
49	41	2	110	289	0	0	170	0	1
802	52	2	108	233	1	0	147	0	0
374	61	2	125	0	0	0	105	1	1
522	50	2	144	349	0	2	120	1	1
695	58	2	146	218	0	0	105	0	1
409	53	1	160	0	1	2	122	1	1
472	53	2	154	0	1	1	140	1	1
230	37	2	130	315	0	0	158	0	0
459	41	2	104	0	0	1	111	0	0
226	53	1	120	195	0	0	140	0	0
787	67	2	100	299	0	2	125	1	1
260	46	0	140	275	0	0	165	1	0
106	48	2	120	254	0	1	110	0	0
215	30	3	170	237	0	1	170	0	0
525	45	1	130	236	0	0	144	0	0
548	66	2	112	261	0	0	140	0	1
78	52	0	140	100	0	0	138	1	0
789	34	3	118	182	0	2	174	0	0
902	58	0	125	220	0	0	144	0	0
30	53	1	145	518	0	0	130	0	1
790	62	2	138	294	1	0	106	0	1
752	56	2	125	249	1	2	144	1	1
176	54	2	140	216	0	0	105	0	1
159	54	0	160	195	0	1	130	0	0
791	51	2	140	298	0	0	122	1	1
832	51	1	94	227	0	0	154	1	0
901	58	2	170	225	1	2	146	1	1
12	39	0	120	204	0	0	145	0	0
22	49	0	124	201	0	0	164	0	0
813	69	3	140	239	0	0	151	0	0
13	49	2	140	234	0	0	140	1	1
592	61	2	190	287	1	2	150	1	1
375	73	1	160	0	0	1	121	0	1
746	66	2	112	212	0	2	132	1	1
715	44	1	108	141	0	0	175	0	0
282	51	1	130	220	0	0	160	1	0
307	53	0	130	0	0	1	120	0	0
556	75	2	160	310	1	0	112	1	0
471	68	2	138	0	0	0	130	1	1
896	47	1	130	253	0	0	179	0	0
255	53	1	120	274	0	0	130	0	0
464	59	1	131	0	0	0	128	1	1
619	74	0	120	269	0	2	121	1	0
214	47	2	150	226	0	0	98	1	1
429	63	1	133	0	0	2	120	1	1
897	55	2	128	205	0	1	130	1	1
210	48	2	106	263	1	0	110	0	1
254	55	2	145	248	0	0	96	1	1
660	58	1	140	211	1	2	165	0	0
479	56	1	170	0	0	2	123	1	1
279	54	0	130	253	0	1	155	0	0
221	51	2	160	303	0	0	150	1	1
821	60	1	102	318	0	0	160	0	0
270	45	2	120	225	0	0	140	0	0
795	42	1	120	240	1	0	194	0	0
114	49	1	130	207	0	1	135	0	0
809	48	1	124	255	1	0	175	0	0
259	55	0	122	320	0	0	155	0	0
17	43	0	120	201	0	0	165	0	0
35	32	0	125	254	0	0	155	0	0
320	59	1	125	0	1	0	175	0	1
110	59	0	130	188	0	0	124	0	0
911	59	2	164	176	1	2	90	0	1
801	56	2	132	184	0	2	105	1	1
894	58	2	130	197	0	0	131	0	0
87	53	0	140	216	0	0	142	1	0
856	39	1	140	321	0	2	182	0	0
793	67	2	125	254	1	0	163	0	1
871	61	1	150	243	1	0	137	1	0
481	69	1	140	0	1	1	118	0	1
634	40	3	140	199	0	0	178	1	0
7	54	0	110	208	0	0	142	0	0
190	46	2	180	280	0	1	120	0	0
529	72	2	143	211	0	0	109	1	1
363	56	2	120	0	0	1	148	0	1
604	68	1	134	254	1	0	151	1	0
222	48	1	120	195	0	0	125	0	0
495	64	2	142	276	0	0	140	1	1
208	28	0	130	132	0	2	185	0	0
737	57	2	152	274	0	0	88	1	1
559	64	2	134	273	0	0	102	1	1
908	63	2	140	187	0	2	144	1	1
67	32	0	110	225	0	0	184	0	0
632	53	2	140	203	1	2	155	1	1
116	38	2	120	282	0	0	170	0	1
296	50	2	145	0	1	0	139	1	1
170	29	0	120	243	0	0	160	0	0
11	58	0	136	164	0	1	99	1	1
275	59	1	180	213	0	0	100	0	0
884	67	2	160	286	0	2	108	1	1
893	57	0	154	232	0	2	164	0	1
276	51	1	135	160	0	0	150	0	1
769	51	1	130	256	0	2	149	0	0
434	63	2	126	0	0	1	120	0	0
237	55	3	140	295	0	0	136	0	1
603	74	2	155	310	0	0	112	1	1
399	61	1	200	0	1	1	70	0	1
570	56	2	128	223	0	1	119	1	1
120	47	1	135	248	1	0	170	0	1
118	35	3	120	160	0	1	185	0	0
669	45	0	130	234	0	2	175	0	0
845	61	2	145	307	0	2	146	1	1
861	65	2	110	248	0	2	158	0	1
492	49	3	130	0	0	1	145	0	1
545	48	2	132	272	0	1	139	0	0
773	56	3	120	193	0	2	162	0	0
305	51	2	120	0	1	0	127	1	1
134	61	2	130	294	0	1	120	1	0
600	57	2	130	207	0	1	96	1	0
551	62	1	120	220	0	2	86	0	0
34	43	0	150	186	0	0	154	0	0
131	46	2	110	202	0	0	150	1	1
280	60	1	120	246	0	2	135	0	0
72	52	2	120	182	0	0	150	0	1
423	60	1	180	0	0	1	140	1	0
692	39	1	94	199	0	0	179	0	0
558	58	1	137	232	0	1	124	1	1
579	69	2	145	289	1	1	110	1	1
761	52	2	112	230	0	0	160	0	1
130	38	1	145	292	0	0	130	0	0
906	55	0	132	342	0	0	166	0	0
682	58	0	136	319	1	2	152	0	1
257	36	1	150	160	0	0	172	0	0
694	56	0	120	236	0	0	178	0	0
878	49	0	130	266	0	0	171	0	0
652	59	3	160	273	0	2	125	0	1
202	42	1	160	147	0	0	146	0	0
729	42	0	120	295	0	0	162	0	0
588	67	2	140	219	0	1	122	1	1
704	50	2	150	243	0	2	128	0	1
727	60	2	158	305	0	2	161	0	1
450	52	1	122	0	0	0	110	1	1
297	57	2	110	0	1	1	131	1	1
524	55	2	150	160	0	1	150	0	0
331	56	2	115	0	1	1	82	0	1
167	48	0	140	238	0	0	118	0	0
747	42	2	140	226	0	0	178	0	0
505	55	1	136	245	1	1	131	1	1
554	53	1	155	175	1	1	160	0	0
139	43	2	150	247	0	0	130	1	1
515	63	1	130	0	1	1	160	0	0
514	43	2	122	0	0	0	120	0	1
18	60	2	100	248	0	0	125	0	1
449	55	1	0	0	0	0	155	0	1
726	41	0	110	235	0	0	153	0	0
807	54	0	108	309	0	0	156	0	0
317	56	2	140	0	1	0	121	1	1
242	55	0	160	292	1	0	143	1	1
325	42	2	105	0	1	0	128	1	1
245	54	3	120	171	0	0	137	0	0
676	51	2	130	305	0	0	142	1	1
31	56	1	130	167	0	0	114	0	0
103	40	2	120	466	1	0	152	1	1
347	48	2	115	0	1	0	128	0	1
862	65	1	155	269	0	0	148	0	0
608	62	2	158	170	0	1	138	1	1
616	67	1	115	564	0	2	160	0	0
133	56	2	150	230	0	1	124	1	1
122	46	2	110	240	0	1	140	0	0
583	69	1	142	271	0	2	126	0	0
360	62	1	160	0	0	0	72	1	1
623	60	2	140	293	0	2	170	0	1
60	49	0	100	253	0	0	174	0	0
831	63	1	135	252	0	2	172	0	0
518	48	1	102	0	1	1	110	1	1
549	68	3	139	181	1	1	135	0	0
587	37	1	118	240	0	2	165	0	0
696	35	2	120	198	0	0	130	1	1
766	50	1	120	219	0	0	158	0	0
109	39	0	190	241	0	0	106	0	0
196	49	2	120	297	0	0	132	0	0
508	67	2	120	0	1	0	150	0	1
394	57	2	160	0	1	0	98	1	1
148	50	0	120	168	0	0	160	0	0
805	54	2	140	239	0	0	160	0	0
244	48	2	160	268	0	0	103	1	1
881	44	0	120	263	0	0	173	0	0
132	56	2	170	388	0	1	122	1	1
776	62	2	150	244	0	0	154	1	1
102	40	2	150	392	0	0	130	0	1
850	62	2	160	164	0	2	145	0	1
672	60	1	120	178	1	0	96	0	0
836	65	2	135	254	0	2	127	0	1
521	61	2	120	282	0	1	135	1	1
155	56	2	155	342	1	0	150	1	1
416	63	2	140	260	0	1	112	1	1
411	54	2	180	0	1	0	150	0	1
538	54	2	130	202	1	0	112	1	1
36	65	2	140	306	1	0	87	1	1
794	50	1	129	196	0	0	163	0	0
371	66	2	150	0	0	0	108	1	1
289	36	0	120	166	0	0	180	0	0
152	40	0	130	275	0	0	150	0	0
234	54	0	140	309	0	1	140	0	0
480	58	0	126	0	1	0	110	1	1
847	45	2	115	260	0	2	185	0	0
33	41	2	130	172	0	1	130	0	1
566	41	2	150	171	0	0	128	1	0
412	56	2	125	0	1	0	103	1	1
667	65	1	140	417	1	2	157	0	0
641	46	2	138	243	0	2	152	1	0
404	47	1	110	0	1	0	120	1	1
299	47	2	110	0	1	1	149	0	1
531	64	2	143	306	1	1	115	1	1
154	41	0	120	291	0	1	160	0	0
432	63	2	170	177	0	0	84	1	1
656	62	2	124	209	0	0	163	0	0
395	38	2	135	0	1	0	150	0	1
512	35	1	123	161	0	1	153	0	0
843	58	3	150	283	1	2	162	0	0
649	50	2	144	200	0	2	126	1	1
181	51	0	130	224	0	0	150	0	0
308	58	2	115	0	1	0	138	0	1
301	55	0	140	0	0	1	150	0	0
165	46	3	140	272	1	0	175	0	1
56	31	2	120	270	0	0	153	1	1
520	64	2	130	223	0	1	128	0	0
536	62	1	133	0	1	1	119	1	1
865	54	2	120	188	0	0	113	0	1
146	42	0	120	198	0	0	155	0	0
534	59	2	125	222	0	0	135	1	1
900	58	2	114	318	0	1	140	0	1
1	49	1	160	180	0	0	156	0	1
337	63	2	150	0	1	1	154	0	1
905	67	1	152	212	0	2	150	0	1
869	59	1	150	212	1	0	157	0	0
792	46	1	150	231	0	0	147	0	1
455	59	2	154	0	0	1	131	1	0
562	59	2	140	274	0	0	154	1	0
447	77	2	124	171	0	1	110	1	1
742	52	1	136	196	0	2	169	0	0
246	54	1	120	237	0	0	150	1	1
353	58	2	130	0	0	1	100	1	1
599	56	2	130	203	1	0	98	0	1
581	48	2	140	208	0	0	159	1	1
834	44	0	120	220	0	0	170	0	0
803	62	2	140	394	0	2	157	0	0
733	66	3	150	226	0	0	114	0	0
799	53	1	130	246	1	2	173	0	0
311	60	2	125	0	1	0	110	0	1
256	55	0	130	394	0	2	150	0	0
571	69	2	140	110	1	0	109	1	1
92	52	0	120	210	0	0	148	0	0
506	75	2	136	225	0	0	112	1	1
362	56	1	155	0	0	1	99	0	1
241	54	2	200	198	0	0	142	1	1
415	66	2	155	0	1	0	90	0	1
268	54	2	130	242	0	0	91	1	1
723	59	2	140	177	0	0	162	1	1
264	47	1	140	193	0	0	145	1	1
213	56	1	130	219	0	1	164	0	0
679	63	3	145	233	1	2	150	0	0
685	61	2	120	260	0	0	140	1	1
421	66	1	120	0	0	1	120	0	0
127	48	2	108	163	0	0	175	0	0
143	53	2	140	243	0	0	155	0	0
651	61	2	140	207	0	2	138	1	1
654	48	2	122	222	0	2	186	0	0
129	42	1	120	228	0	0	152	1	0
180	52	2	130	225	0	0	120	1	1
313	34	2	115	0	1	0	154	0	1
83	52	0	160	196	0	0	165	0	0
182	52	2	140	404	0	0	124	1	1
877	58	0	120	284	0	2	160	0	1
4	54	1	150	195	0	0	122	0	0
823	64	1	125	309	0	0	131	1	1
435	60	2	152	0	0	1	118	1	0
403	52	2	135	0	1	0	128	1	1
227	38	2	92	117	0	0	134	1	1
175	43	2	140	288	0	0	135	1	1
378	70	2	140	0	1	0	157	1	1
612	55	2	122	223	1	1	100	0	1
858	62	2	140	268	0	2	160	0	1
288	48	0	133	308	0	1	156	0	0
431	62	2	120	220	0	1	86	0	0
735	49	1	120	188	0	0	139	0	1
372	63	2	185	0	0	0	98	1	1
474	62	0	131	0	0	0	130	0	0
915	57	2	130	131	0	0	115	1	1
191	50	0	170	209	0	1	116	0	0
367	68	2	135	0	0	1	120	1	1
511	63	2	160	267	1	1	88	1	1
322	38	2	105	0	1	0	166	0	1
751	67	1	152	277	0	0	172	0	0
504	62	2	158	210	1	0	112	1	1
302	53	2	125	0	1	0	120	0	1
860	60	2	130	253	0	0	144	1	1
658	46	0	101	197	1	0	156	0	0
741	62	2	120	267	0	0	99	1	1
101	51	2	130	179	0	0	100	0	0
609	46	2	134	310	0	0	126	0	1
824	37	1	130	250	0	0	187	0	0
678	60	3	150	240	0	0	171	0	0
269	47	1	130	235	0	0	145	0	0
292	53	2	130	182	0	0	148	0	0
724	45	0	112	160	0	0	138	0	0
47	50	0	140	216	0	0	170	0	0
294	32	3	95	0	1	0	127	0	1
826	51	1	125	245	1	2	166	0	0
817	60	2	125	258	0	2	141	1	1
661	49	1	118	149	0	2	126	0	1
618	64	2	128	263	0	0	105	1	0
552	71	1	144	221	0	0	108	1	1
25	36	1	130	209	0	0	178	0	0
714	50	0	120	244	0	0	162	0	0
23	44	0	150	288	0	0	150	1	1
80	55	1	110	277	0	0	160	0	0
333	40	2	95	0	1	1	144	0	1
328	52	2	95	0	1	0	82	1	1
212	56	1	130	276	0	0	128	1	0
291	47	0	140	257	0	0	135	0	0
528	49	1	131	142	0	0	127	1	1
354	55	2	120	0	0	1	92	0	1
373	59	2	135	0	0	0	115	1	1
674	62	0	120	281	0	2	103	0	1
284	42	2	140	358	0	0	170	0	0
205	50	2	150	215	0	0	140	1	0
71	44	0	130	215	0	0	135	0	0
728	54	1	135	304	1	0	170	0	0
467	63	0	132	0	0	0	130	0	0
437	64	2	120	0	1	1	106	0	1
593	64	2	130	258	1	2	130	0	1
730	49	0	134	271	0	0	162	0	0
199	57	3	130	308	0	0	98	0	0
27	52	0	120	284	0	0	118	0	0
229	37	2	130	173	0	1	184	0	0
286	59	2	140	169	0	0	140	0	0
736	54	2	122	286	0	2	116	1	1
740	54	1	160	201	0	0	163	0	0
502	69	2	140	208	0	1	140	1	1
368	57	2	140	0	0	0	120	1	1
838	63	2	130	330	1	2	132	1	1
804	70	1	160	269	0	0	112	1	1
306	55	2	115	0	1	0	155	0	1
410	62	2	150	0	1	1	78	0	1
738	65	1	160	360	0	2	151	0	0
764	41	1	112	268	0	2	172	1	0
263	59	2	130	126	0	0	125	0	1
627	44	1	140	235	0	2	180	0	0
483	58	2	120	0	0	2	106	1	1
58	54	2	150	365	0	1	134	0	0
6	45	0	130	237	0	0	170	0	0
786	69	1	140	254	0	2	146	0	1
546	48	1	132	220	1	1	162	0	1
755	64	2	145	212	0	2	132	0	1
890	64	3	170	227	0	2	155	0	0
223	33	1	120	298	0	0	185	0	0
643	58	1	112	230	0	2	165	0	1
247	48	2	122	275	1	1	150	1	1
197	42	0	150	268	0	0	136	0	0
827	43	1	122	213	0	0	165	0	0
454	58	2	136	203	1	0	123	1	1
29	51	0	125	188	0	0	145	0	0
453	60	2	120	0	0	0	133	1	0
46	37	2	120	223	0	0	168	0	0
0	40	0	140	289	0	0	172	0	0
855	68	1	180	274	1	2	150	1	1
387	53	2	130	0	0	2	135	1	1
272	55	2	140	201	0	0	130	1	1
151	48	0	100	159	0	0	100	0	0
814	77	2	125	304	0	2	162	1	1
719	63	2	130	254	0	2	147	0	1
379	50	2	120	0	0	1	156	1	1
300	60	2	160	0	1	0	149	0	1
591	58	2	100	213	0	1	110	0	0
606	62	2	160	254	1	1	108	1	1
595	60	2	130	186	1	2	140	1	1
